10000000 01000000 00000000 00000100 00000000 00000000 00000000 00000100 
10000000 01000000 00000000 00000100 00000000 00000000 00000000 00000100 
10000000 01000000 00000000 00000100 00000000 00000000 00000000 00000100 
10000000 01000000 00000000 00000100 00000000 00000000 00000000 00000100 
11000000 01000000 00000000 00000100 00000000 00000000 00000000 00000100 
11000000 01000000 00000000 00000100 00000000 00000000 00000000 00000100 
11000000 01000000 00000000 00000100 00000000 00000000 00000000 00000100 
11000000 01000000 00000000 00000100 00000000 00000000 00000000 00000100 
10000000 00000000 00010000 00000100 00000010 00000000 00000000 00000000 
10000000 00000000 00010000 00000100 00000010 00000000 00000000 00000000 
10000000 11000000 00000000 00011000 11111111 00000000 00000000 00000000 
10000000 11000000 00000000 00011000 11111111 00000000 00000000 00000000 
10000000 11000000 00000000 00011000 11111111 00000000 00000000 00000000 
10100000 00000000 00000000 00011000 00000000 00000000 00000000 00000000 
10100000 00000000 00010000 00011000 00000000 00000000 00000000 00001100 
10100000 00000000 00010000 00011000 00000000 00000000 00000000 11111100 		
11100000 00000000 00100000 00001000 00000100 00000000 00000000 00000000 
11100000 00000000 00100000 00001000 00000100 00000000 00000000 00000000 
11100000 10000000 01100000 00011000 00000111 00000000 00000000 00000000 
11111111 10000001 01000000 00000000 00000000 00000000 00000000 00000000 
10100000 01000000 00010000 00010100 00000000 00000000 00000000 00000100 
10100000 01000000 00010000 00010100 00000000 00000000 00000000 00000100 
10100000 01000000 00010000 00010100 00000000 00000000 00000000 00000100 
10100000 01000000 00010000 00010100 00000000 00000000 00000000 11111100 
